3	-4.8
3.0025	-4.797
3.005	-4.7941
3.0075	-4.7911
3.01	-4.7882
3.0125	-4.7852
3.015	-4.7823
3.0175	-4.7793
3.02	-4.7763
3.0225	-4.7734
3.025	-4.7704
3.0275	-4.7675
3.03	-4.7645
3.0325	-4.7615
3.035	-4.7585
3.0375	-4.7556
3.04	-4.7526
3.0425	-4.7496
3.045	-4.7466
3.0475	-4.7436
3.05	-4.7407
3.0525	-4.7377
3.055	-4.7347
3.0575	-4.7317
3.06	-4.7287
3.0625	-4.7257
3.065	-4.7227
3.0675	-4.7197
3.07	-4.7166
3.0725	-4.7136
3.075	-4.7106
3.0775	-4.7076
3.08	-4.7045
3.0825	-4.7015
3.085	-4.6985
3.0875	-4.6954
3.09	-4.6924
3.0925	-4.6894
3.095	-4.6863
3.0975	-4.6832
3.1	-4.6802
3.1025	-4.6771
3.105	-4.6741
3.1075	-4.671
3.11	-4.6679
3.1125	-4.6649
3.115	-4.6618
3.1175	-4.6587
3.12	-4.6556
3.1225	-4.6526
3.125	-4.6495
3.1275	-4.6464
3.13	-4.6433
3.1325	-4.6402
3.135	-4.6371
3.1375	-4.634
3.14	-4.631
3.1425	-4.6279
3.145	-4.6248
3.1475	-4.6217
3.15	-4.6186
3.1525	-4.6155
3.155	-4.6124
3.1575	-4.6093
3.16	-4.6062
3.1625	-4.6031
3.165	-4.6
3.1675	-4.5969
3.17	-4.5938
3.1725	-4.5907
3.175	-4.5876
3.1775	-4.5845
3.18	-4.5814
3.1825	-4.5783
3.185	-4.5752
3.1875	-4.5721
3.19	-4.569
3.1925	-4.5659
3.195	-4.5629
3.1975	-4.5598
3.2	-4.5567
3.2025	-4.5536
3.205	-4.5505
3.2075	-4.5475
3.21	-4.5444
3.2125	-4.5413
3.215	-4.5383
3.2175	-4.5352
3.22	-4.5322
3.2225	-4.5292
3.225	-4.5262
3.2275	-4.5232
3.23	-4.5202
3.2325	-4.5172
3.235	-4.5142
3.2375	-4.5112
3.24	-4.5082
3.2425	-4.5051
3.245	-4.5022
3.2475	-4.4992
3.25	-4.4961
3.2525	-4.4931
3.255	-4.4902
3.2575	-4.4871
3.26	-4.4842
3.2625	-4.4812
3.265	-4.4782
3.2675	-4.4752
3.27	-4.4722
3.2725	-4.4692
3.275	-4.4662
3.2775	-4.4632
3.28	-4.4603
3.2825	-4.4573
3.285	-4.4543
3.2875	-4.4513
3.29	-4.4483
3.2925	-4.4453
3.295	-4.4424
3.2975	-4.4394
3.3	-4.4364
3.3025	-4.4334
3.305	-4.4305
3.3075	-4.4275
3.31	-4.4246
3.3125	-4.4216
3.315	-4.4186
3.3175	-4.4157
3.32	-4.4127
3.3225	-4.4097
3.325	-4.4068
3.3275	-4.4038
3.33	-4.4009
3.3325	-4.3979
3.335	-4.395
3.3375	-4.392
3.34	-4.3891
3.3425	-4.3861
3.345	-4.3832
3.3475	-4.3802
3.35	-4.3773
3.3525	-4.3744
3.355	-4.3714
3.3575	-4.3685
3.36	-4.3656
3.3625	-4.3626
3.365	-4.3597
3.3675	-4.3568
3.37	-4.3539
3.3725	-4.3509
3.375	-4.348
3.3775	-4.3451
3.38	-4.3422
3.3825	-4.3392
3.385	-4.3363
3.3875	-4.3334
3.39	-4.3306
3.3925	-4.3276
3.395	-4.3247
3.3975	-4.3218
3.4	-4.3189
3.4025	-4.316
3.405	-4.3131
3.4075	-4.3102
3.41	-4.3073
3.4125	-4.3044
3.415	-4.3016
3.4175	-4.2987
3.42	-4.2958
3.4225	-4.2929
3.425	-4.29
3.4275	-4.2872
3.43	-4.2843
3.4325	-4.2814
3.435	-4.2785
3.4375	-4.2757
3.44	-4.2728
3.4425	-4.27
3.445	-4.2671
3.4475	-4.2642
3.45	-4.2614
3.4525	-4.2586
3.455	-4.2557
3.4575	-4.2529
3.46	-4.25
3.4625	-4.2472
3.465	-4.2444
3.4675	-4.2416
3.47	-4.2387
3.4725	-4.2359
3.475	-4.233
3.4775	-4.2302
3.48	-4.2274
3.4825	-4.2246
3.485	-4.2218
3.4875	-4.219
3.49	-4.2162
3.4925	-4.2133
3.495	-4.2106
3.4975	-4.2078
3.5	-4.205
3.5025	-4.2022
3.505	-4.1994
3.5075	-4.1966
3.51	-4.1938
3.5125	-4.1911
3.515	-4.1883
3.5175	-4.1855
3.52	-4.1828
3.5225	-4.18
3.525	-4.1772
3.5275	-4.1744
3.53	-4.1717
3.5325	-4.1689
3.535	-4.1662
3.5375	-4.1634
3.54	-4.1608
3.5425	-4.158
3.545	-4.1553
3.5475	-4.1526
3.55	-4.1498
3.5525	-4.1471
3.555	-4.1444
3.5575	-4.1417
3.56	-4.1389
3.5625	-4.1362
3.565	-4.1335
3.5675	-4.1308
3.57	-4.1281
3.5725	-4.1255
3.575	-4.1228
3.5775	-4.1202
3.58	-4.1174
3.5825	-4.1148
3.585	-4.1121
3.5875	-4.1094
3.59	-4.1068
3.5925	-4.1041
3.595	-4.1014
3.5975	-4.0989
3.6	-4.0961
3.6025	-4.0935
3.605	-4.0909
3.6075	-4.0883
3.61	-4.0856
3.6125	-4.083
3.615	-4.0804
3.6175	-4.0778
3.62	-4.0752
3.6225	-4.0726
3.625	-4.07
3.6275	-4.0675
3.63	-4.0648
3.6325	-4.0622
3.635	-4.0597
3.6375	-4.0571
3.64	-4.0546
3.6425	-4.052
3.645	-4.0495
3.6475	-4.0469
3.65	-4.0444
3.6525	-4.0419
3.655	-4.0393
3.6575	-4.0368
3.66	-4.0342
3.6625	-4.0317
3.665	-4.0293
3.6675	-4.0268
3.67	-4.0243
3.6725	-4.0218
3.675	-4.0193
3.6775	-4.0168
3.68	-4.0144
3.6825	-4.0119
3.685	-4.0095
3.6875	-4.0069
3.69	-4.0046
3.6925	-4.0021
3.695	-3.9997
3.6975	-3.9972
3.7	-3.9949
3.7025	-3.9924
3.705	-3.99
3.7075	-3.9876
3.71	-3.9852
3.7125	-3.9828
3.715	-3.9805
3.7175	-3.9781
3.72	-3.9758
3.7225	-3.9734
3.725	-3.971
3.7275	-3.9687
3.73	-3.9664
3.7325	-3.9641
3.735	-3.9617
3.7375	-3.9595
3.74	-3.9572
3.7425	-3.9549
3.745	-3.9526
3.7475	-3.9503
3.75	-3.9481
3.7525	-3.9458
3.755	-3.9436
3.7575	-3.9413
3.76	-3.9391
3.7625	-3.9369
3.765	-3.9347
3.7675	-3.9325
3.77	-3.9303
3.7725	-3.9281
3.775	-3.9259
3.7775	-3.9238
3.78	-3.9216
3.7825	-3.9195
3.785	-3.9174
3.7875	-3.9153
3.79	-3.9131
3.7925	-3.911
3.795	-3.9089
3.7975	-3.9069
3.8	-3.9048
3.8025	-3.9027
3.805	-3.9007
3.8075	-3.8987
3.81	-3.8967
3.8125	-3.8946
3.815	-3.8926
3.8175	-3.8906
3.82	-3.8887
3.8225	-3.8868
3.825	-3.8848
3.8275	-3.8829
3.83	-3.881
3.8325	-3.879
3.835	-3.8771
3.8375	-3.8752
3.84	-3.8734
3.8425	-3.8715
3.845	-3.8698
3.8475	-3.868
3.85	-3.8661
3.8525	-3.8643
3.855	-3.8625
3.8575	-3.8607
3.86	-3.8589
3.8625	-3.8572
3.865	-3.8556
3.8675	-3.854
3.87	-3.8523
3.8725	-3.8506
3.875	-3.8489
3.8775	-3.8472
3.88	-3.8456
3.8825	-3.844
3.885	-3.8425
3.8875	-3.841
3.89	-3.8394
3.8925	-3.838
3.895	-3.8365
3.8975	-3.8351
3.9	-3.8336
3.9025	-3.8321
3.905	-3.8305
3.9075	-3.8291
3.91	-3.8277
3.9125	-3.8265
3.915	-3.8255
3.9175	-3.8243
3.92	-3.8231
3.9225	-3.8218
3.925	-3.8202
3.9275	-3.8188
3.93	-3.8175
3.9325	-3.8163
3.935	-3.8154
3.9375	-3.8146
3.94	-3.8139
3.9425	-3.8132
3.945	-3.8122
3.9475	-3.8111
3.95	-3.8099
3.9525	-3.8087
3.955	-3.8076
3.9575	-3.8065
3.96	-3.8056
3.9625	-3.8049
3.965	-3.8044
3.9675	-3.8043
3.97	-3.8043
3.9725	-3.8043
3.975	-3.8044
3.9775	-3.8046
3.98	-3.805
3.9825	-3.8062
3.985	-3.809
3.9875	-3.8158
3.99	-3.8326
3.9925	-3.8736
3.995	-3.9734
3.9975	-4.2153
4	-4.8
